0 0.6609375 0.540625 0.10859375 0.08046875
0 0.91328125 0.5578125 0.0578125 0.065234375
0 0.87734375 0.78359375 0.1109375 0.0890625
0 0.86796875 0.4109375 0.095703125 0.07890625
0 0.8296875 0.2953125 0.037890625 0.02734375
0 0.8578125 0.321875 0.02734375 0.01796875
0 0.64453125 0.2234375 0.038671875 0.021875
0 0.7546875 0.259375 0.040625 0.021875
0 0.5 0.37265625 0.08046875 0.0359375
0 0.50703125 0.4015625 0.086328125 0.04765625
0 0.31953125 0.41328125 0.0625 0.038671875
0 0.45703125 0.3484375 0.0671875 0.03515625
0 0.4515625 0.3171875 0.0625 0.040625
0 0.41796875 0.2953125 0.0359375 0.021875
0 0.396875 0.259375 0.03125 0.01796875
0 0.02890625 0.3171875 0.053125 0.043359375
0 0.053125 0.2671875 0.02578125 0.024609375
0 0.0796875 0.25 0.03125 0.024609375
0 0.11796875 0.2328125 0.038671875 0.028515625