0 0.94453125 0.52421875 0.086328125 0.064453125
0 0.946875 0.3890625 0.043359375 0.028515625
0 0.87734375 0.36796875 0.040625 0.03125
0 0.87734375 0.334375 0.042578125 0.02578125
0 0.8125 0.2984375 0.03671875 0.021875
0 0.771875 0.271875 0.040625 0.021875
0 0.5359375 0.7015625 0.0625 0.084375
0 0.40390625 0.66796875 0.084375 0.0671875
0 0.21875 0.63671875 0.0625 0.042578125
0 0.41796875 0.3921875 0.040625 0.021875
0 0.4015625 0.37734375 0.03125 0.021875
0 0.490625 0.3265625 0.033984375 0.01640625
0 0.48046875 0.3125 0.023828125 0.01796875
0 0.60546875 0.240625 0.023828125 0.01796875
0 0.10078125 0.33203125 0.0359375 0.021875
0 0.15859375 0.30078125 0.0265625 0.019921875
0 0.16796875 0.2859375 0.029296875 0.021875
0 0.25234375 0.2546875 0.019921875 0.019140625
0 0.28125 0.24765625 0.02578125 0.0140625
0 0.353125 0.23828125 0.028515625 0.0171875