0 0.47578125 0.94453125 0.064453125 0.086328125
0 0.6109375 0.946875 0.028515625 0.043359375
0 0.63203125 0.87734375 0.03125 0.040625
0 0.665625 0.87734375 0.02578125 0.042578125
0 0.7015625 0.8125 0.021875 0.03671875
0 0.728125 0.771875 0.021875 0.040625
0 0.2984375 0.5359375 0.084375 0.0625
0 0.33203125 0.40390625 0.0671875 0.084375
0 0.36328125 0.21875 0.042578125 0.0625
0 0.6078125 0.41796875 0.021875 0.040625
0 0.62265625 0.4015625 0.021875 0.03125
0 0.6734375 0.490625 0.01640625 0.033984375
0 0.6875 0.48046875 0.01796875 0.023828125
0 0.759375 0.60546875 0.01796875 0.023828125
0 0.66796875 0.10078125 0.021875 0.0359375
0 0.69921875 0.15859375 0.019921875 0.0265625
0 0.7140625 0.16796875 0.021875 0.029296875
0 0.7453125 0.25234375 0.019140625 0.019921875
0 0.75234375 0.28125 0.0140625 0.02578125
0 0.76171875 0.353125 0.0171875 0.028515625