0 0.05546875 0.52421875 0.086328125 0.064453125
0 0.053125 0.3890625 0.043359375 0.028515625
0 0.12265625 0.36796875 0.040625 0.03125
0 0.12265625 0.334375 0.042578125 0.02578125
0 0.1875 0.2984375 0.03671875 0.021875
0 0.228125 0.271875 0.040625 0.021875
0 0.4640625 0.7015625 0.0625 0.084375
0 0.59609375 0.66796875 0.084375 0.0671875
0 0.78125 0.63671875 0.0625 0.042578125
0 0.58203125 0.3921875 0.040625 0.021875
0 0.5984375 0.37734375 0.03125 0.021875
0 0.509375 0.3265625 0.033984375 0.01640625
0 0.51953125 0.3125 0.023828125 0.01796875
0 0.39453125 0.240625 0.023828125 0.01796875
0 0.89921875 0.33203125 0.0359375 0.021875
0 0.84140625 0.30078125 0.0265625 0.019921875
0 0.83203125 0.2859375 0.029296875 0.021875
0 0.74765625 0.2546875 0.019921875 0.019140625
0 0.71875 0.24765625 0.02578125 0.0140625
0 0.646875 0.23828125 0.028515625 0.0171875