0 0.459375 0.9328125 0.06796875 0.065234375
0 0.27734375 0.953125 0.0890625 0.08828125
0 0.45703125 0.71171875 0.064453125 0.073828125
0 0.32421875 0.78125 0.0625 0.091015625
0 0.56484375 0.603125 0.038671875 0.0625
0 0.58203125 0.59140625 0.021875 0.0484375
0 0.6109375 0.571875 0.024609375 0.033984375
0 0.6390625 0.5484375 0.01484375 0.03125
0 0.65625 0.5359375 0.019140625 0.033984375
0 0.68046875 0.51953125 0.03125 0.021875
0 0.5671875 0.09609375 0.04609375 0.0578125
0 0.696875 0.27421875 0.021875 0.023828125
0 0.7140625 0.34140625 0.019140625 0.0359375
0 0.7234375 0.37265625 0.01484375 0.023828125
0 0.62734375 0.44921875 0.023828125 0.033203125
0 0.52890625 0.90859375 0.040625 0.0625
0 0.615625 0.88203125 0.021875 0.033203125
0 0.6515625 0.86328125 0.028515625 0.051171875
0 0.6828125 0.81015625 0.019140625 0.029296875