0 0.415625 0.321875 0.053125 0.081640625
0 0.3703125 0.365625 0.07734375 0.084375
0 0.353125 0.4546875 0.0625 0.071875
0 0.428125 0.67578125 0.08046875 0.095703125
0 0.43046875 0.52421875 0.053125 0.103125
0 0.4828125 0.5671875 0.053125 0.03515625
0 0.53828125 0.65859375 0.033203125 0.053125
0 0.5765625 0.67578125 0.021875 0.0359375
0 0.63671875 0.665625 0.019921875 0.04921875
0 0.6203125 0.65625 0.021875 0.053125
0 0.66796875 0.6609375 0.023828125 0.04765625
0 0.73828125 0.665625 0.0265625 0.040625
0 0.66796875 0.47578125 0.03125 0.055078125
0 0.6421875 0.46875 0.024609375 0.04921875
0 0.696875 0.6515625 0.01796875 0.03125
0 0.76953125 0.65859375 0.019921875 0.033203125
0 0.5796875 0.42578125 0.02734375 0.051171875
0 0.5484375 0.4015625 0.033984375 0.04765625
0 0.49296875 0.37265625 0.0453125 0.053125