0 0.53125 0.0671875 0.04453125 0.059765625
0 0.73046875 0.134375 0.105078125 0.10703125
0 0.59140625 0.6109375 0.069921875 0.07890625
0 0.678125 0.490625 0.071875 0.096484375
0 0.61796875 0.759375 0.038671875 0.04921875
0 0.5171875 0.58203125 0.055859375 0.060546875
0 0.42578125 0.59375 0.03125 0.04921875
0 0.4109375 0.63671875 0.024609375 0.040625
0 0.28828125 0.8125 0.03125 0.040625
0 0.35078125 0.896875 0.03125 0.040625
0 0.37734375 0.446875 0.03125 0.05703125
0 0.3890625 0.11328125 0.033984375 0.042578125
0 0.3484375 0.10546875 0.024609375 0.038671875
0 0.30546875 0.17578125 0.0171875 0.0265625
0 0.334375 0.48828125 0.021875 0.038671875