0 0.459375 0.0671875 0.06796875 0.065234375
0 0.278125 0.0453125 0.0875 0.090625
0 0.45703125 0.28828125 0.064453125 0.073828125
0 0.32421875 0.21875 0.0625 0.091015625
0 0.56484375 0.396875 0.038671875 0.0625
0 0.58203125 0.40859375 0.021875 0.0484375
0 0.6109375 0.428125 0.024609375 0.033984375
0 0.6390625 0.4515625 0.01484375 0.03125
0 0.65625 0.4640625 0.019140625 0.033984375
0 0.68046875 0.48046875 0.03125 0.021875
0 0.5671875 0.90390625 0.04609375 0.0578125
0 0.696875 0.72578125 0.021875 0.023828125
0 0.7140625 0.65859375 0.019140625 0.0359375
0 0.7234375 0.62734375 0.01484375 0.023828125
0 0.62734375 0.55078125 0.023828125 0.033203125
0 0.52890625 0.09140625 0.040625 0.0625
0 0.615625 0.11796875 0.021875 0.033203125
0 0.6515625 0.13671875 0.028515625 0.051171875
0 0.6828125 0.18984375 0.019140625 0.029296875