0 0.1421875 0.7359375 0.100390625 0.096484375
0 0.165625 0.56953125 0.122265625 0.0796875
0 0.0796875 0.52890625 0.059765625 0.055078125
0 0.41328125 0.446875 0.0984375 0.05703125
0 0.4640625 0.3796875 0.040625 0.02734375
0 0.5359375 0.29296875 0.019140625 0.0171875
0 0.521875 0.3125 0.021875 0.02578125
0 0.115625 0.38671875 0.037890625 0.038671875
0 0.0890625 0.3578125 0.033984375 0.024609375
0 0.125 0.3390625 0.02578125 0.019140625
0 0.18515625 0.290625 0.0265625 0.01796875
0 0.78828125 0.615625 0.055078125 0.03125
0 0.93515625 0.34375 0.040625 0.028515625
0 0.8484375 0.27421875 0.037890625 0.03125