0 0.08203125 0.4640625 0.055078125 0.043359375
0 0.134375 0.35546875 0.02578125 0.023828125
0 0.15625 0.31953125 0.028515625 0.019921875
0 0.11796875 0.34375 0.038671875 0.021875
0 0.303125 0.25234375 0.03125 0.019921875
0 0.1875 0.5625 0.081640625 0.091015625
0 0.39921875 0.4515625 0.1078125 0.05859375
0 0.43984375 0.40390625 0.060546875 0.033203125
0 0.4546875 0.3703125 0.04609375 0.021875
0 0.46171875 0.35546875 0.0453125 0.021875
0 0.625 0.5359375 0.087109375 0.069140625
0 0.959375 0.384375 0.05703125 0.050390625
0 0.8484375 0.31015625 0.03515625 0.0265625
0 0.80546875 0.28125 0.03125 0.021875
0 0.49296875 0.3390625 0.033203125 0.024609375
0 0.5046875 0.32421875 0.02734375 0.021875
0 0.5171875 0.3125 0.028515625 0.02578125
0 0.521875 0.28828125 0.02578125 0.021875
0 0.71640625 0.41796875 0.029296875 0.023828125
0 0.040625 0.709375 0.08125 0.115625