0 0.14921875 0.49296875 0.060546875 0.0484375
0 0.05546875 0.771875 0.1109375 0.11953125
0 0.5625 0.6203125 0.08828125 0.055859375
0 0.65390625 0.57421875 0.0796875 0.0625
0 0.665625 0.509375 0.06796875 0.037890625
0 0.66796875 0.45703125 0.0625 0.03125
0 0.65859375 0.41328125 0.0484375 0.029296875
0 0.53125 0.53359375 0.074609375 0.053125
0 0.53359375 0.49765625 0.042578125 0.03125
0 0.66328125 0.334375 0.0359375 0.028515625
0 0.66796875 0.31015625 0.0265625 0.021875
0 0.66796875 0.209375 0.029296875 0.019140625