0 0.584375 0.678125 0.053125 0.081640625
0 0.6296875 0.634375 0.07734375 0.084375
0 0.646875 0.5453125 0.0625 0.071875
0 0.571875 0.32421875 0.08046875 0.095703125
0 0.56953125 0.47578125 0.053125 0.103125
0 0.5171875 0.4328125 0.053125 0.03515625
0 0.46171875 0.34140625 0.033203125 0.053125
0 0.4234375 0.32421875 0.021875 0.0359375
0 0.36328125 0.334375 0.019921875 0.04921875
0 0.3796875 0.34375 0.021875 0.053125
0 0.33203125 0.3390625 0.023828125 0.04765625
0 0.26171875 0.334375 0.0265625 0.040625
0 0.33203125 0.52421875 0.03125 0.055078125
0 0.3578125 0.53125 0.024609375 0.04921875
0 0.303125 0.3484375 0.01796875 0.03125
0 0.23046875 0.34140625 0.019921875 0.033203125
0 0.4203125 0.57421875 0.02734375 0.051171875
0 0.4515625 0.5984375 0.033984375 0.04765625
0 0.50703125 0.62734375 0.0453125 0.053125