0 0.459375 0.6609375 0.08046875 0.10859375
0 0.4421875 0.91328125 0.065234375 0.0578125
0 0.21640625 0.87734375 0.0890625 0.1109375
0 0.5890625 0.86796875 0.07890625 0.095703125
0 0.7046875 0.8296875 0.02734375 0.037890625
0 0.678125 0.8578125 0.01796875 0.02734375
0 0.7765625 0.64453125 0.021875 0.038671875
0 0.740625 0.7546875 0.021875 0.040625
0 0.62734375 0.5 0.0359375 0.08046875
0 0.5984375 0.50703125 0.04765625 0.086328125
0 0.58671875 0.31953125 0.038671875 0.0625
0 0.6515625 0.45703125 0.03515625 0.0671875
0 0.6828125 0.4515625 0.040625 0.0625
0 0.7046875 0.41796875 0.021875 0.0359375
0 0.740625 0.396875 0.01796875 0.03125
0 0.6828125 0.02890625 0.043359375 0.053125
0 0.7328125 0.053125 0.024609375 0.02578125
0 0.75 0.0796875 0.024609375 0.03125
0 0.7671875 0.11796875 0.028515625 0.038671875