0 0.9328125 0.540625 0.065234375 0.06796875
0 0.953125 0.72265625 0.08828125 0.0890625
0 0.71171875 0.54296875 0.073828125 0.064453125
0 0.78125 0.67578125 0.091015625 0.0625
0 0.603125 0.43515625 0.0625 0.038671875
0 0.59140625 0.41796875 0.0484375 0.021875
0 0.571875 0.3890625 0.033984375 0.024609375
0 0.5484375 0.3609375 0.03125 0.01484375
0 0.5359375 0.34375 0.033984375 0.019140625
0 0.51953125 0.31953125 0.021875 0.03125
0 0.09609375 0.4328125 0.0578125 0.04609375
0 0.27421875 0.303125 0.023828125 0.021875
0 0.34140625 0.2859375 0.0359375 0.019140625
0 0.37265625 0.2765625 0.023828125 0.01484375
0 0.44921875 0.37265625 0.033203125 0.023828125
0 0.90859375 0.47109375 0.0625 0.040625
0 0.88203125 0.384375 0.033203125 0.021875
0 0.86328125 0.3484375 0.051171875 0.028515625
0 0.81015625 0.3171875 0.029296875 0.019140625